
$orca_hessian_file

$act_atom
  0

$act_coord
  0

$act_energy
        0.000000

$hessian
18
                    0                  1                  2                  3                  4        
    0      1.0049970734E+00  -2.6730137202E-15   2.0889482653E-14  -6.7012519987E-01  -1.5254712108E-15
    1     -2.6730137202E-15   7.1527049962E-01   1.3235200480E-15  -4.9545602437E-15  -1.4196455925E-01
    2      2.0889482653E-14   1.3235200480E-15   1.5244749172E-01   1.5360428673E-15  -2.8432156037E-16
    3     -6.7012519987E-01  -4.9545602437E-15   1.5360428673E-15   1.0049970734E+00   1.4718926313E-14
    4     -1.5254712108E-15  -1.4196455925E-01  -2.8432156037E-16   1.4718926313E-14   7.1527049962E-01
    5      4.0892679308E-15  -2.1046234187E-16  -7.1297682291E-02  -2.1840209828E-14  -2.0149757360E-16
    6     -1.5072464660E-01   1.2798475073E-01  -1.0947587748E-14  -1.6711112128E-02   3.7922792641E-02
    7      1.3676844031E-01  -2.9186230601E-01   1.4674185354E-14  -4.0378992980E-03   5.2015684122E-03
    8     -1.2874522548E-14   1.8016096803E-14  -5.0320642454E-02   1.1832421112E-17   6.3461077643E-16
    9     -1.5072464660E-01  -1.2798475073E-01  -1.1548791305E-14  -1.6711112128E-02  -3.7922792641E-02
   10     -1.3676844031E-01  -2.9186230601E-01  -1.5845888998E-14   4.0378992980E-03   5.2015684122E-03
   11     -1.3449631395E-14  -1.9108753344E-14  -5.0320642454E-02  -2.3034334455E-17  -6.6686833697E-16
   12     -1.6711112128E-02  -3.7922792641E-02  -1.3471477607E-17  -1.5072464660E-01  -1.2798475073E-01
   13      4.0378992980E-03   5.2015684122E-03   1.5730927665E-16  -1.3676844031E-01  -2.9186230601E-01
   14      9.3404173132E-16   8.3954349368E-16   9.7324930248E-03   9.9832200641E-15   1.5204901302E-14
   15     -1.6711112128E-02   3.7922792641E-02   8.4276082124E-17  -1.5072464660E-01   1.2798475073E-01
   16     -4.0378992980E-03   5.2015684122E-03  -2.4356503731E-17   1.3676844031E-01  -2.9186230601E-01
   17      1.1233706674E-15  -8.6111308672E-16   9.7324930248E-03   9.4291480274E-15  -1.4687020637E-14
                    5                  6                  7                  8                  9        
    0      4.0892679308E-15  -1.5072464660E-01   1.3676844031E-01  -1.2874522548E-14  -1.5072464660E-01
    1     -2.1046234187E-16   1.2798475073E-01  -2.9186230601E-01   1.8016096803E-14  -1.2798475073E-01
    2     -7.1297682291E-02  -1.0947587748E-14   1.4674185354E-14  -5.0320642454E-02  -1.1548791305E-14
    3     -2.1840209828E-14  -1.6711112128E-02  -4.0378992980E-03   1.1832421112E-17  -1.6711112128E-02
    4     -2.0149757360E-16   3.7922792641E-02   5.2015684122E-03   6.3461077643E-16  -3.7922792641E-02
    5      1.5244749172E-01  -4.4437459396E-16   3.5623917201E-16   9.7324930248E-03  -5.4569658869E-16
    6     -4.4437459396E-16   1.5943781491E-01  -1.4832143970E-01   1.1521844028E-14   1.1956019518E-02
    7      3.5623917201E-16  -1.4832143970E-01   3.0381556993E-01  -1.6769564632E-14   1.6155613712E-02
    8      9.7324930248E-03   1.1521844028E-14  -1.6769564632E-14   3.1166281768E-02   7.2063727152E-16
    9     -5.4569658869E-16   1.1956019518E-02   1.6155613712E-02   7.2063727152E-16   1.5943781491E-01
   10     -2.6675229795E-16  -1.6155613712E-02  -2.0102395875E-02  -5.2563565167E-16   1.4832143970E-01
   11      9.7324930248E-03   6.0089257962E-16   4.3613227055E-16   5.2649729546E-03   1.2144685556E-14
   12      9.5110889799E-15   1.3607728572E-03   4.3235545339E-04  -5.5437976426E-16  -5.3190265960E-03
   13      1.2107521366E-14  -4.3235545339E-04   1.5487247899E-03  -2.2210329203E-16   9.9785616571E-04
   14     -5.0320642454E-02   6.7059257700E-16  -3.9827879291E-16  -1.0877236490E-02  -1.1607646536E-15
   15      9.2299121280E-15  -5.3190265960E-03  -9.9785616571E-04   1.1746649824E-15   1.3607728572E-03
   16     -1.1785373581E-14  -9.9785616571E-04   1.4066061698E-03  -1.1538178241E-15   4.3235545339E-04
   17     -5.0320642454E-02  -1.1431105406E-15   1.2969008104E-15   1.5047375914E-02   6.4911924127E-16
                   10                 11                 12                 13                 14        
    0     -1.3676844031E-01  -1.3449631395E-14  -1.6711112128E-02   4.0378992980E-03   9.3404173132E-16
    1     -2.9186230601E-01  -1.9108753344E-14  -3.7922792641E-02   5.2015684122E-03   8.3954349368E-16
    2     -1.5845888998E-14  -5.0320642454E-02  -1.3471477607E-17   1.5730927665E-16   9.7324930248E-03
    3      4.0378992980E-03  -2.3034334455E-17  -1.5072464660E-01  -1.3676844031E-01   9.9832200641E-15
    4      5.2015684122E-03  -6.6686833697E-16  -1.2798475073E-01  -2.9186230601E-01   1.5204901302E-14
    5     -2.6675229795E-16   9.7324930248E-03   9.5110889799E-15   1.2107521366E-14  -5.0320642454E-02
    6     -1.6155613712E-02   6.0089257962E-16   1.3607728572E-03  -4.3235545339E-04   6.7059257700E-16
    7     -2.0102395875E-02   4.3613227055E-16   4.3235545339E-04   1.5487247899E-03  -3.9827879291E-16
    8     -5.2563565167E-16   5.2649729546E-03  -5.5437976426E-16  -2.2210329203E-16  -1.0877236490E-02
    9      1.4832143970E-01   1.2144685556E-14  -5.3190265960E-03   9.9785616571E-04  -1.1607646536E-15
   10      3.0381556993E-01   1.7967871528E-14   9.9785616571E-04   1.4066061698E-03  -1.3464996121E-15
   11      1.7967871528E-14   3.1166281768E-02   1.2196647658E-15   1.2560834363E-15   1.5047375914E-02
   12      9.9785616571E-04   1.2196647658E-15   1.5943781491E-01   1.4832143970E-01  -9.8171228582E-15
   13      1.4066061698E-03   1.2560834363E-15   1.4832143970E-01   3.0381556993E-01  -1.3941105487E-14
   14     -1.3464996121E-15   1.5047375914E-02  -9.8171228582E-15  -1.3941105487E-14   3.1166281768E-02
   15     -4.3235545339E-04  -4.9241386099E-16   1.1956019518E-02  -1.6155613712E-02  -6.1004599990E-16
   16      1.5487247899E-03   1.3629640566E-16   1.6155613712E-02  -2.0102395875E-02  -3.7850141382E-16
   17      4.2246142448E-16  -1.0877236490E-02  -5.0890066743E-16   4.0015492144E-16   5.2649729546E-03
                   15                 16                 17        
     0     -1.6711112128E-02  -4.0378992980E-03   1.1233706674E-15
     1      3.7922792641E-02   5.2015684122E-03  -8.6111308672E-16
     2      8.4276082124E-17  -2.4356503731E-17   9.7324930248E-03
     3     -1.5072464660E-01   1.3676844031E-01   9.4291480274E-15
     4      1.2798475073E-01  -2.9186230601E-01  -1.4687020637E-14
     5      9.2299121280E-15  -1.1785373581E-14  -5.0320642454E-02
     6     -5.3190265960E-03  -9.9785616571E-04  -1.1431105406E-15
     7     -9.9785616571E-04   1.4066061698E-03   1.2969008104E-15
     8      1.1746649824E-15  -1.1538178241E-15   1.5047375914E-02
     9      1.3607728572E-03   4.3235545339E-04   6.4911924127E-16
    10     -4.3235545339E-04   1.5487247899E-03   4.2246142448E-16
    11     -4.9241386099E-16   1.3629640566E-16  -1.0877236490E-02
    12      1.1956019518E-02   1.6155613712E-02  -5.0890066743E-16
    13     -1.6155613712E-02  -2.0102395875E-02   4.0015492144E-16
    14     -6.1004599990E-16  -3.7850141382E-16   5.2649729546E-03
    15      1.5943781491E-01  -1.4832143970E-01  -9.5497263907E-15
    16     -1.4832143970E-01   3.0381556993E-01   1.3448086579E-14
    17     -9.5497263907E-15   1.3448086579E-14   3.1166281768E-02

$vibrational_frequencies
18
    0        0.000000
    1        0.000000
    2        0.000000
    3        0.000000
    4        0.000000
    5        0.000000
    6      943.353756
    7     1114.831005
    8     1156.582115
    9     1165.573401
   10     1387.063206
   11     1521.908348
   12     1639.507837
   13     1841.594773
   14     3305.344373
   15     3327.021792
   16     3370.892311
   17     3402.501210

$normal_modes
18 18
                    0                  1                  2                  3                  4        
    0      0.0000000000E+00   0.0000000000E+00   0.0000000000E+00   0.0000000000E+00   0.0000000000E+00
    1      0.0000000000E+00   0.0000000000E+00   0.0000000000E+00   0.0000000000E+00   0.0000000000E+00
    2      0.0000000000E+00   0.0000000000E+00   0.0000000000E+00   0.0000000000E+00   0.0000000000E+00
    3      0.0000000000E+00   0.0000000000E+00   0.0000000000E+00   0.0000000000E+00   0.0000000000E+00
    4      0.0000000000E+00   0.0000000000E+00   0.0000000000E+00   0.0000000000E+00   0.0000000000E+00
    5      0.0000000000E+00   0.0000000000E+00   0.0000000000E+00   0.0000000000E+00   0.0000000000E+00
    6      0.0000000000E+00   0.0000000000E+00   0.0000000000E+00   0.0000000000E+00   0.0000000000E+00
    7      0.0000000000E+00   0.0000000000E+00   0.0000000000E+00   0.0000000000E+00   0.0000000000E+00
    8      0.0000000000E+00   0.0000000000E+00   0.0000000000E+00   0.0000000000E+00   0.0000000000E+00
    9      0.0000000000E+00   0.0000000000E+00   0.0000000000E+00   0.0000000000E+00   0.0000000000E+00
   10      0.0000000000E+00   0.0000000000E+00   0.0000000000E+00   0.0000000000E+00   0.0000000000E+00
   11      0.0000000000E+00   0.0000000000E+00   0.0000000000E+00   0.0000000000E+00   0.0000000000E+00
   12      0.0000000000E+00   0.0000000000E+00   0.0000000000E+00   0.0000000000E+00   0.0000000000E+00
   13      0.0000000000E+00   0.0000000000E+00   0.0000000000E+00   0.0000000000E+00   0.0000000000E+00
   14      0.0000000000E+00   0.0000000000E+00   0.0000000000E+00   0.0000000000E+00   0.0000000000E+00
   15      0.0000000000E+00   0.0000000000E+00   0.0000000000E+00   0.0000000000E+00   0.0000000000E+00
   16      0.0000000000E+00   0.0000000000E+00   0.0000000000E+00   0.0000000000E+00   0.0000000000E+00
   17      0.0000000000E+00   0.0000000000E+00   0.0000000000E+00   0.0000000000E+00   0.0000000000E+00
                    5                  6                  7                  8                  9        
    0      0.0000000000E+00   2.8470397897E-16   9.2230050177E-18   6.6920024873E-15  -4.0738387766E-17
    1      0.0000000000E+00   4.0461816398E-02   7.8609998039E-16   1.8103805981E-16  -9.4020613568E-15
    2      0.0000000000E+00   4.7254336036E-16  -8.3338165568E-02  -1.5267025887E-01   1.3430975955E-14
    3      0.0000000000E+00  -3.1409521148E-16   7.6948267791E-16   5.6893426085E-15   1.9617481947E-16
    4      0.0000000000E+00   4.0461816398E-02  -3.4046554720E-16   8.8384652597E-17   8.9974661847E-15
    5      0.0000000000E+00   1.7172881330E-16  -8.3338165568E-02   1.5267025887E-01  -1.5410880568E-14
    6      0.0000000000E+00  -4.3711454508E-01  -4.1319990533E-14  -3.7736404527E-14   2.9301556866E-15
    7      0.0000000000E+00  -2.4106491903E-01   1.2639627065E-14   1.7252760287E-14   2.4434684254E-14
    8      0.0000000000E+00   1.4103625275E-14   4.9651523147E-01   4.8820681686E-01   5.0000000000E-01
    9      0.0000000000E+00   4.3711454508E-01  -3.5718354670E-14  -3.8633578522E-14  -4.0108906115E-15
   10      0.0000000000E+00  -2.4106491903E-01  -1.7441993834E-14  -1.9401827744E-14   2.7010748616E-14
   11      0.0000000000E+00  -1.7808196788E-14   4.9651523147E-01   4.8820681686E-01  -5.0000000000E-01
   12      0.0000000000E+00   4.3711454508E-01   3.4467679080E-14  -3.5279755000E-14   9.2272019044E-15
   13      0.0000000000E+00  -2.4106491903E-01   9.6545188649E-15  -1.2935237081E-14  -2.3318046247E-14
   14      0.0000000000E+00   1.8245459239E-14   4.9651523147E-01  -4.8820681686E-01  -5.0000000000E-01
   15      0.0000000000E+00  -4.3711454508E-01   3.2985096092E-14  -3.5590701921E-14  -9.9297671115E-15
   16      0.0000000000E+00  -2.4106491903E-01  -1.0252550931E-14   1.1948562080E-14  -2.3359679610E-14
   17      0.0000000000E+00  -2.2110731728E-14   4.9651523147E-01  -4.8820681686E-01   5.0000000000E-01
                   10                 11                 12                 13                 14        
    0     -2.6467653456E-15  -1.1137730127E-01  -6.8408916516E-02  -2.8417906902E-01  -4.3095389621E-02
    1      1.5393428615E-01  -1.8899515013E-15   7.7083373898E-16  -1.8708860824E-15   1.5174698645E-15
    2      2.9106472964E-16   4.5944326383E-15  -9.7631487194E-16   5.6186405026E-16  -4.8250950856E-15
    3      3.7521582618E-15   1.1137730127E-01  -6.8408916516E-02   2.8417906902E-01  -4.3095389621E-02
    4     -1.5393428615E-01   1.9631395367E-15  -7.9462333288E-16   1.9020709595E-15  -1.1496904973E-15
    5      3.5424497196E-16   3.7345301189E-15   6.7049409382E-16  -2.8364226241E-15   3.7914652239E-15
    6     -4.6575349127E-01  -4.5643959548E-01   4.0756919458E-01   2.5674134051E-01   2.5675531981E-01
    7     -1.4569077921E-01  -1.8830943700E-01   2.8556516192E-01   3.7908443972E-01  -4.2795805804E-01
    8      3.4532545052E-14  -2.4071602615E-14   2.7493979912E-14   1.0314873355E-14   3.0158802324E-14
    9      4.6575349127E-01  -4.5643959548E-01   4.0756919458E-01   2.5674134051E-01   2.5675531981E-01
   10     -1.4569077921E-01   1.8830943700E-01  -2.8556516192E-01  -3.7908443972E-01   4.2795805804E-01
   11     -3.8472494498E-14  -2.2948231767E-14   2.5062893760E-14   9.8207025907E-15   3.2163893462E-14
   12     -4.6575349127E-01   4.5643959548E-01   4.0756919458E-01  -2.5674134051E-01   2.5675531981E-01
   13      1.4569077921E-01  -1.8830943700E-01  -2.8556516192E-01   3.7908443972E-01   4.2795805804E-01
   14     -2.5814414574E-14  -2.5613145671E-14  -2.4731018804E-14   2.9922548473E-15  -2.5330605846E-14
   15      4.6575349127E-01   4.5643959548E-01   4.0756919458E-01  -2.5674134051E-01   2.5675531981E-01
   16      1.4569077921E-01   1.8830943700E-01   2.8556516192E-01  -3.7908443972E-01  -4.2795805804E-01
   17      2.1996743748E-14  -2.6583678460E-14  -2.4158041261E-14   3.9012109350E-15  -2.4627753138E-14
                   15                 16                 17        
     0     -5.6379856358E-02  -4.4197173023E-16  -2.6472742001E-16
     1      3.2427677039E-17  -6.9062760413E-02   7.0207109756E-02
     2     -4.5209544668E-15  -1.9405159922E-16   1.9314591870E-16
     3      5.6379856358E-02   7.0979307353E-16   5.1216691729E-16
     4     -6.8056473922E-16   6.9062760413E-02   7.0207109756E-02
     5     -3.8559203193E-15  -2.5316523998E-17  -6.8693780294E-17
     6      2.5791609420E-01  -2.6728589592E-01   2.6939784674E-01
     7     -4.2648557332E-01   4.1973017214E-01  -4.1828253734E-01
     8      2.7424367699E-14  -2.7220552975E-14   3.3106010888E-14
     9      2.5791609420E-01   2.6728589592E-01  -2.6939784674E-01
    10      4.2648557332E-01   4.1973017214E-01  -4.1828253734E-01
    11      2.8588624589E-14   2.9188138623E-14  -3.5254661245E-14
    12     -2.5791609420E-01  -2.6728589592E-01  -2.6939784674E-01
    13     -4.2648557332E-01  -4.1973017214E-01  -4.1828253734E-01
    14      2.2430135566E-14   2.1621127736E-14   2.8859462125E-14
    15     -2.5791609420E-01   2.6728589592E-01   2.6939784674E-01
    16      4.2648557332E-01  -4.1973017214E-01  -4.1828253734E-01
    17      2.1358687011E-14  -2.0928657227E-14  -2.8173005851E-14

#
# The atoms: label  mass x y z (in bohrs)
#
$atoms
6
 C     12.01100      0.019730893081     0.000000000000     0.000000000000
 C     12.01100      2.504546379350     0.000000000000     0.000000000000
 H      1.00800     -1.052607625542     1.722357733380    -0.000000000000
 H      1.00800     -1.052607625542    -1.722357733380    -0.000000000000
 H      1.00800      3.576884897973     1.722357733380    -0.000000000000
 H      1.00800      3.576884897973    -1.722357733380    -0.000000000000

$actual_temperature
  0.000000

$frequency_scale_factor
  1.000000

$dipole_derivatives
18
   -8.0443720504E-03    1.9605347620E-14    1.0679709596E-14
    1.5789869010E-14    1.2140250526E-01    1.8526025505E-15
    1.4799400847E-13   -1.6887947050E-15   -3.4465374017E-01
   -8.0443720502E-03    8.6662540196E-15   -1.0645149856E-14
   -1.4023361470E-14    1.2140250526E-01    7.0821359079E-16
   -1.2002225267E-13   -1.2679615325E-15   -3.4465374017E-01
    3.9686597981E-03    6.0850241250E-02   -6.5248169741E-15
    8.1282494742E-02   -6.0617512767E-02   -8.2674871095E-15
   -7.9873174259E-14    2.3029508170E-14    1.7243114609E-01
    3.9686597981E-03   -6.0850241250E-02   -7.6357357233E-15
   -8.1282494743E-02   -6.0617512767E-02    6.3180962075E-15
   -7.6634087568E-14   -2.1317051086E-14    1.7243114609E-01
    3.9686597981E-03   -6.0850241250E-02    6.9007493676E-15
   -8.1282494743E-02   -6.0617512768E-02   -6.4711855556E-15
    6.4086230062E-14    1.9991254532E-14    1.7243114609E-01
    3.9686597980E-03    6.0850241250E-02    7.2184770567E-15
    8.1282494743E-02   -6.0617512768E-02    5.8601497012E-15
    6.0589662060E-14   -1.8768760109E-14    1.7243114609E-01

#
# The IR spectrum
#  wavenumber eps Int TX TY TZ
#
$ir_spectrum
18
      0.00   0.00000000   0.00000000     0.000000     0.000000     0.000000
      0.00   0.00000000   0.00000000     0.000000     0.000000     0.000000
      0.00   0.00000000   0.00000000     0.000000     0.000000     0.000000
      0.00   0.00000000   0.00000000     0.000000     0.000000     0.000000
      0.00   0.00000000   0.00000000     0.000000     0.000000     0.000000
      0.00   0.00000000   0.00000000     0.000000     0.000000     0.000000
    943.35   0.00026848   1.35680243     0.000000    -0.009424    -0.000000
   1114.83   0.02657616 134.30502431    -0.000000     0.000000     0.086251
   1156.58   0.00000000   0.00000000    -0.000000     0.000000    -0.000000
   1165.57   0.00000000   0.00000000    -0.000000     0.000000     0.000000
   1387.06   0.00000000   0.00000000     0.000000    -0.000000    -0.000000
   1521.91   0.00000000   0.00000000     0.000000    -0.000000    -0.000000
   1639.51   0.00175087   8.84816519     0.018255    -0.000000     0.000000
   1841.59   0.00000000   0.00000000    -0.000000    -0.000000    -0.000000
   3305.34   0.00332087  16.78232126    -0.017707    -0.000000     0.000000
   3327.02   0.00000000   0.00000000     0.000000    -0.000000     0.000000
   3370.89   0.00000000   0.00000000    -0.000000     0.000000    -0.000000
   3402.50   0.00585229  29.57508800     0.000000     0.023168     0.000000


$end

