
$orca_hessian_file

$act_atom
  0

$act_coord
  0

$act_energy
      -33.865408

$hessian
18
                    0                  1                  2                  3                  4        
    0     -6.9953199568E-02   6.4069258835E-05  -2.9757738749E-05   1.7001083435E-02  -2.1768193262E-06
    1      6.4069258835E-05   5.7622457120E-01  -1.1640852888E-06  -2.9295126330E-07  -1.5937885192E-02
    2     -2.9757738749E-05  -1.1640852888E-06   5.7628282541E-01   4.4349547775E-07   7.8553586282E-08
    3      1.7001083435E-02  -2.9295126330E-07   4.4349547775E-07   1.1049859464E-01  -1.1507800478E-05
    4     -2.1768193262E-06  -1.5937885192E-02   7.8553586282E-08  -1.1507800478E-05   1.3722564420E-02
    5      1.2668219511E-06   8.5344572959E-08  -1.5938425585E-02   4.9079643290E-06   5.4277188144E-08
    6     -5.7879921645E-03   3.9122905337E-02   5.3519282906E-08  -2.8468386218E-02   1.4771408760E-02
    7      4.1071515188E-02  -3.2513625024E-01   1.0364677488E-05   6.3471871721E-03  -1.6764569523E-03
    8      4.9841711437E-07   1.0509039159E-05  -4.3920440316E-02  -1.6593767542E-06   8.5740504451E-07
    9     -5.7887134649E-03  -1.9596091836E-02   3.3945192696E-02  -2.8472840579E-02  -7.3802731611E-03
   10     -2.0641911967E-02  -1.1424243149E-01   1.2174823233E-01  -3.1522974606E-03   9.4381866008E-04
   11      3.5687631165E-02   1.2173092328E-01  -2.5480460591E-01   5.4786823854E-03   1.5038178175E-03
   12     -5.7855750854E-03  -1.9584758279E-02  -3.3918830367E-02  -2.8471252287E-02  -7.3810569124E-03
   13     -2.0630035800E-02  -1.1425580834E-01  -1.2175740189E-01  -3.1527231470E-03   9.4371592389E-04
   14     -3.5659066273E-02  -1.2174024876E-01  -2.5479794455E-01  -5.4816958138E-03  -1.5047710676E-03
   15      7.0453229002E-02  -5.7948891072E-06   2.9457984869E-06  -4.2145680865E-02   3.5864123521E-06
   16      5.0171187357E-06  -6.6911552833E-03  -9.9501786206E-08   2.3459823875E-07   2.0349810118E-03
   17     -7.6331724275E-07  -1.0266954721E-07  -6.6902697119E-03  -6.2411962057E-07  -3.8850831687E-08
                    5                  6                  7                  8                  9        
    0      1.2668219511E-06  -5.7879921645E-03   4.1071515188E-02   4.9841711437E-07  -5.7887134649E-03
    1      8.5344572959E-08   3.9122905337E-02  -3.2513625024E-01   1.0509039159E-05  -1.9596091836E-02
    2     -1.5938425585E-02   5.3519282906E-08   1.0364677488E-05  -4.3920440316E-02   3.3945192696E-02
    3      4.9079643290E-06  -2.8468386218E-02   6.3471871721E-03  -1.6593767542E-06  -2.8472840579E-02
    4      5.4277188144E-08   1.4771408760E-02  -1.6764569523E-03   8.5740504451E-07  -7.3802731611E-03
    5      1.3722589550E-02  -1.8381730198E-06   3.9547031251E-07   1.8074074652E-03   1.2788037212E-02
    6     -1.8381730198E-06   4.2400091535E-02  -4.5630844157E-02   1.6422437764E-06   2.6873993926E-03
    7      3.9547031251E-07  -4.5630844157E-02   3.4740859399E-01  -1.1526411342E-05   1.1258115154E-03
    8      1.8074074652E-03   1.6422437764E-06  -1.1526411342E-05   3.5992548217E-02  -2.7435001840E-03
    9      1.2788037212E-02   2.6873993926E-03   1.1258115154E-03  -2.7435001840E-03   4.2397596710E-02
   10      1.5060270970E-03  -2.9458171649E-03  -1.0019627599E-02   1.9365103147E-02   2.2884272537E-02
   11     -7.9904158543E-04  -3.8965108317E-04   2.1941923071E-03   2.3849180241E-03  -3.9617469739E-02
   12     -1.2790580129E-02   2.6873082134E-03   1.1262355879E-03   2.7434549134E-03   2.6868986136E-03
   13     -1.5065277518E-03  -2.9440053574E-03  -1.0021017763E-02  -1.9364808590E-02   1.8173512495E-03
   14     -8.0074794186E-04   3.8992314909E-04  -2.1934274029E-03   2.3863154869E-03  -2.3495190610E-03
   15     -1.8083575780E-06  -1.3527169986E-02  -4.0461581942E-03  -4.4886616405E-07  -1.3518907276E-02
   16     -4.0802333722E-08  -2.3304518856E-03  -5.9094094088E-04  -1.2104296447E-07   1.1605439111E-03
   17      2.0352175993E-03  -1.0904886716E-07   1.1096732561E-08   1.3147962563E-03  -2.0102206211E-03
                   10                 11                 12                 13                 14        
    0     -2.0641911967E-02   3.5687631165E-02  -5.7855750854E-03  -2.0630035800E-02  -3.5659066273E-02
    1     -1.1424243149E-01   1.2173092328E-01  -1.9584758279E-02  -1.1425580834E-01  -1.2174024876E-01
    2      1.2174823233E-01  -2.5480460591E-01  -3.3918830367E-02  -1.2175740189E-01  -2.5479794455E-01
    3     -3.1522974606E-03   5.4786823854E-03  -2.8471252287E-02  -3.1527231470E-03  -5.4816958138E-03
    4      9.4381866008E-04   1.5038178175E-03  -7.3810569124E-03   9.4371592389E-04  -1.5047710676E-03
    5      1.5060270970E-03  -7.9904158543E-04  -1.2790580129E-02  -1.5065277518E-03  -8.0074794186E-04
    6     -2.9458171649E-03  -3.8965108317E-04   2.6873082134E-03  -2.9440053574E-03   3.8992314909E-04
    7     -1.0019627599E-02   2.1941923071E-03   1.1262355879E-03  -1.0021017763E-02  -2.1934274029E-03
    8      1.9365103147E-02   2.3849180241E-03   2.7434549134E-03  -1.9364808590E-02   2.3863154869E-03
    9      2.2884272537E-02  -3.9617469739E-02   2.6868986136E-03   1.8173512495E-03  -2.3495190610E-03
   10      1.1383638387E-01  -1.3480321800E-01   1.8181209174E-03   8.6680838404E-03  -8.5702988641E-03
   11     -1.3480321800E-01   2.6952561529E-01   2.3512666083E-03   8.5690489044E-03  -1.6239327638E-02
   12      1.8181209174E-03   2.3512666083E-03   4.2395734248E-02   2.2870916160E-02   3.9589855811E-02
   13      8.6680838404E-03   8.5690489044E-03   2.2870916160E-02   1.1385155810E-01   1.3481430187E-01
   14     -8.5702988641E-03  -1.6239327638E-02   3.9589855811E-02   1.3481430187E-01   2.6951950669E-01
   15      2.0407211315E-03  -3.5159039002E-03  -1.3521777489E-02   2.0416388365E-03   3.5158938387E-03
   16      8.4328380305E-04   8.2388641951E-04   1.1621466442E-03   8.4300060376E-04  -8.2422839886E-04
   17      8.2843363599E-04  -1.1504545903E-04   2.0123875399E-03  -8.2890488635E-04  -1.1529551758E-04
                   15                 16                 17        
     0      7.0453229002E-02   5.0171187357E-06  -7.6331724275E-07
     1     -5.7948891072E-06  -6.6911552833E-03  -1.0266954721E-07
     2      2.9457984869E-06  -9.9501786206E-08  -6.6902697119E-03
     3     -4.2145680865E-02   2.3459823875E-07  -6.2411962057E-07
     4      3.5864123521E-06   2.0349810118E-03  -3.8850831687E-08
     5     -1.8083575780E-06  -4.0802333722E-08   2.0352175993E-03
     6     -1.3527169986E-02  -2.3304518856E-03  -1.0904886716E-07
     7     -4.0461581942E-03  -5.9094094088E-04   1.1096732561E-08
     8     -4.4886616405E-07  -1.2104296447E-07   1.3147962563E-03
     9     -1.3518907276E-02   1.1605439111E-03  -2.0102206211E-03
    10      2.0407211315E-03   8.4328380305E-04   8.2843363599E-04
    11     -3.5159039002E-03   8.2388641951E-04  -1.1504545903E-04
    12     -1.3521777489E-02   1.1621466442E-03   2.0123875399E-03
    13      2.0416388365E-03   8.4300060376E-04  -8.2890488635E-04
    14      3.5158938387E-03  -8.2422839886E-04  -1.1529551758E-04
    15      1.2205935936E-02   2.5154450412E-06  -6.3741059098E-07
    16      2.5154450412E-06   3.5457083532E-03   6.0630259771E-07
    17     -6.3741059098E-07   6.0630259771E-07   3.5418936142E-03

$vibrational_frequencies
18
    0        0.000000
    1        0.000000
    2        0.000000
    3        0.000000
    4        0.000000
    5        0.000000
    6     -503.244411
    7      173.444795
    8      173.494088
    9      331.229591
   10      929.014990
   11      929.239970
   12     1074.802156
   13     1269.614469
   14     1270.055074
   15     3107.177921
   16     3187.044934
   17     3187.198325

$normal_modes
18 18
                    0                  1                  2                  3                  4        
    0      0.0000000000E+00   0.0000000000E+00   0.0000000000E+00   0.0000000000E+00   0.0000000000E+00
    1      0.0000000000E+00   0.0000000000E+00   0.0000000000E+00   0.0000000000E+00   0.0000000000E+00
    2      0.0000000000E+00   0.0000000000E+00   0.0000000000E+00   0.0000000000E+00   0.0000000000E+00
    3      0.0000000000E+00   0.0000000000E+00   0.0000000000E+00   0.0000000000E+00   0.0000000000E+00
    4      0.0000000000E+00   0.0000000000E+00   0.0000000000E+00   0.0000000000E+00   0.0000000000E+00
    5      0.0000000000E+00   0.0000000000E+00   0.0000000000E+00   0.0000000000E+00   0.0000000000E+00
    6      0.0000000000E+00   0.0000000000E+00   0.0000000000E+00   0.0000000000E+00   0.0000000000E+00
    7      0.0000000000E+00   0.0000000000E+00   0.0000000000E+00   0.0000000000E+00   0.0000000000E+00
    8      0.0000000000E+00   0.0000000000E+00   0.0000000000E+00   0.0000000000E+00   0.0000000000E+00
    9      0.0000000000E+00   0.0000000000E+00   0.0000000000E+00   0.0000000000E+00   0.0000000000E+00
   10      0.0000000000E+00   0.0000000000E+00   0.0000000000E+00   0.0000000000E+00   0.0000000000E+00
   11      0.0000000000E+00   0.0000000000E+00   0.0000000000E+00   0.0000000000E+00   0.0000000000E+00
   12      0.0000000000E+00   0.0000000000E+00   0.0000000000E+00   0.0000000000E+00   0.0000000000E+00
   13      0.0000000000E+00   0.0000000000E+00   0.0000000000E+00   0.0000000000E+00   0.0000000000E+00
   14      0.0000000000E+00   0.0000000000E+00   0.0000000000E+00   0.0000000000E+00   0.0000000000E+00
   15      0.0000000000E+00   0.0000000000E+00   0.0000000000E+00   0.0000000000E+00   0.0000000000E+00
   16      0.0000000000E+00   0.0000000000E+00   0.0000000000E+00   0.0000000000E+00   0.0000000000E+00
   17      0.0000000000E+00   0.0000000000E+00   0.0000000000E+00   0.0000000000E+00   0.0000000000E+00
                    5                  6                  7                  8                  9        
    0      0.0000000000E+00   8.7517411076E-01  -7.5551514446E-05   3.2696183007E-04   3.5194019431E-01
    1      0.0000000000E+00   6.3581059537E-04   1.1417394220E-01  -4.1993698517E-01  -1.1458546564E-03
    2      0.0000000000E+00   9.8528143017E-06  -4.1972170072E-01  -1.1419678853E-01   1.2583973131E-04
    3      0.0000000000E+00  -8.7137252492E-02  -6.6345722615E-05   1.5547223327E-04  -5.1925300545E-01
    4      0.0000000000E+00  -1.4641598331E-04  -2.4274502767E-02   8.9283228259E-02   2.6938238121E-04
    5      0.0000000000E+00  -5.9706373045E-07   8.9242897079E-02   2.4281118841E-02  -4.2138451347E-05
    6      0.0000000000E+00  -1.2818070010E-01   5.4740106926E-02  -2.0122811110E-01  -9.0088361844E-02
    7      0.0000000000E+00  -1.1379231770E-01   1.2185722875E-01  -4.4819458876E-01  -3.4722912916E-02
    8      0.0000000000E+00  -3.7728854010E-05  -4.8609128903E-01  -1.3219721911E-01   1.1709233681E-04
    9      0.0000000000E+00  -1.2941685729E-01  -2.0224272939E-01   5.3401981547E-02  -8.9901207202E-02
   10      0.0000000000E+00   5.8660324636E-02   1.1297850130E-01  -4.8126756989E-01   1.5765116176E-02
   11      0.0000000000E+00  -9.9352590975E-02  -4.5331043821E-01  -1.4102252079E-01  -2.9069717381E-02
   12      0.0000000000E+00  -1.2931541330E-01   1.4731344877E-01   1.4846972617E-01  -8.9855807256E-02
   13      0.0000000000E+00   5.8655806317E-02   1.4623810729E-01  -4.7210036566E-01   1.5749402333E-02
   14      0.0000000000E+00   9.9250439532E-02  -4.6223190544E-01  -1.0812102506E-01   2.9270372427E-02
   15      0.0000000000E+00  -3.7016691006E-01   1.8161339250E-04  -5.3099489504E-04   7.6081309967E-01
   16      0.0000000000E+00  -3.1570896751E-04  -4.7102942481E-02   1.7324349205E-01   3.9196274760E-04
   17      0.0000000000E+00   2.3068158685E-06   1.7318642062E-01   4.7119202645E-02  -1.7781653770E-05
                   10                 11                 12                 13                 14        
    0     -1.4204266846E-05  -5.4623204968E-05   4.5033621396E-03  -2.9498439295E-06  -4.3317746790E-05
    1     -6.9897588592E-03  -6.1689493175E-02  -5.7546831647E-06   1.8001818088E-04  -9.3124539145E-02
    2      6.1757338684E-02  -6.9909253969E-03  -1.2594713016E-05   9.3183287846E-02   1.8058581991E-04
    3      1.8697565561E-05   6.2308975779E-05   3.2080586816E-02   7.8294548874E-07  -2.4325836805E-06
    4      1.8602983399E-03   1.6418446819E-02  -1.4234368094E-05  -6.3712550451E-07   3.7508607918E-04
    5     -1.6434535473E-02   1.8603903613E-03   4.7523571974E-06  -3.8481091598E-04  -8.3909549406E-07
    6      9.0671335282E-02   8.0160293980E-01  -5.7259708047E-01   2.9114278997E-04  -1.3822373840E-01
    7      6.8374913266E-03   6.0578385061E-02  -7.9203289217E-02   1.5408147290E-04  -9.4252453136E-02
    8     -8.9130765294E-02   1.0145044161E-02   3.0903843095E-05  -7.9552936848E-01  -1.5222247835E-03
    9     -7.4057304103E-01  -3.2324574073E-01  -5.7056773998E-01   1.1954001706E-01   6.9601301653E-02
   10     -2.8571028799E-03   8.3736222354E-02   3.9613192017E-02  -3.8640738343E-01   5.7228476437E-01
   11     -6.6599799720E-02   1.9905784355E-02  -6.8476210348E-02  -1.2889101339E-01   3.8510945814E-01
   12      6.4922067317E-01  -4.8067496062E-01  -5.7092255717E-01  -1.1984351927E-01   6.9199208828E-02
   13      2.1513246279E-02   8.0960283777E-02   3.9580846225E-02   3.8421923190E-01   5.7373516214E-01
   14     -6.9253188671E-02  -4.5518501850E-03   6.8468688665E-02  -1.2745062914E-01  -3.8562459257E-01
   15      1.0222312532E-05   4.1232910622E-05   2.8232295484E-02   1.0596431373E-06   1.3235912792E-06
   16     -4.0513460310E-04  -3.5902612309E-03   3.0692469454E-05  -4.6987967987E-06   2.3707390114E-03
   17      3.5619441477E-03  -4.0485233683E-04  -2.1465122007E-06  -2.3842399099E-03  -4.5062499044E-06
                   15                 16                 17        
     0     -1.6146382803E-02   5.1493729109E-06  -2.0943736170E-05
     1     -2.3310147832E-05  -5.7175823881E-04  -9.8424066084E-02
     2     -1.0601735639E-06  -9.8422671252E-02   5.7195086635E-04
     3     -1.3869705007E-03   1.6621203262E-08   1.2657556395E-06
     4     -1.0736378530E-06  -1.3312066725E-06  -2.2782717603E-04
     5     -7.4811427044E-08  -2.2639507673E-04   1.3083887979E-06
     6      7.7753050409E-02  -6.8677269609E-04  -1.1892064852E-01
     7     -5.7181138851E-01   4.6481834087E-03   8.0375090216E-01
     8      2.0486832751E-05  -1.7060352044E-02   6.8581486297E-05
     9      7.8036032913E-02  -1.0287435751E-01   6.0165498326E-02
    10      2.8604615559E-01  -3.5420525826E-01   1.9014393786E-01
    11     -4.9542711863E-01   5.9636850570E-01  -3.5861440439E-01
    12      7.7981240856E-02   1.0349635573E-01   5.8932795146E-02
    13      2.8607543304E-01   3.5641209971E-01   1.8605511755E-01
    14      4.9542217512E-01   6.0046522851E-01   3.5169049912E-01
    15      3.9298780035E-04   1.5024147516E-07   1.4535357600E-06
    16      2.8214272670E-07   2.4836352207E-07   4.5218305947E-05
    17     -1.4824434036E-08   5.1032732364E-05  -3.1170563503E-07

#
# The atoms: label  mass x y z (in bohrs)
#
$atoms
6
 C     12.01100      0.051379707573     0.000077682867    -0.000050409148
 Cl    35.45300      3.912888162239    -0.000310299442     0.000130215009
 H      1.00800     -0.225924881323     2.026965057669    -0.000124803712
 H      1.00800     -0.226417872780    -1.013196272229     1.755273616201
 H      1.00800     -0.226223517165    -1.013293859231    -1.755349801669
 F     18.99800     -3.969105808676     0.000156065927    -0.000126022613

$actual_temperature
  0.000000

$frequency_scale_factor
  1.000000

$dipole_derivatives
18
    1.4286423640E+00   -4.6101990859E-04    2.1438385110E-04
   -3.6275620161E-04   -3.2184226726E+00    3.1966538897E-06
    1.8900436629E-04    3.6672389658E-06   -3.2185618969E+00
   -2.1547531014E+00    1.4407321532E-04   -6.6969498951E-05
    1.2943541705E-04   -7.4812581402E-01    1.2506698789E-07
   -6.2538491008E-05    5.3793055327E-07   -7.4812804604E-01
   -8.3042600527E-01   -2.0280033853E-01    3.2560433589E-06
   -6.3476045270E-01    3.5212931409E-01   -7.8495789274E-05
    1.4258147729E-05   -3.8538092079E-05   -6.9718728705E-01
   -8.3025817459E-01    1.0154348386E-01   -1.7589895480E-01
    3.1849323625E-01   -4.3577488895E-01   -4.5473828804E-01
   -5.5104176643E-01   -4.5376424114E-01    8.9938854891E-02
   -8.3033382919E-01    1.0149724037E-01    1.7578949932E-01
    3.1847070798E-01   -4.3573010223E-01    4.5481459758E-01
    5.5092253685E-01    4.5380044345E-01    8.9979093614E-02
   -2.1066332572E+00    7.4947422770E-05   -4.3646170743E-05
    7.7377734442E-06   -8.2948807628E-01   -1.9718189407E-06
   -1.8768451326E-05   -1.9823437087E-06   -8.2947241602E-01

#
# The IR spectrum
#  wavenumber eps Int TX TY TZ
#
$ir_spectrum
18
      0.00   0.00000000   0.00000000     0.000000     0.000000     0.000000
      0.00   0.00000000   0.00000000     0.000000     0.000000     0.000000
      0.00   0.00000000   0.00000000     0.000000     0.000000     0.000000
      0.00   0.00000000   0.00000000     0.000000     0.000000     0.000000
      0.00   0.00000000   0.00000000     0.000000     0.000000     0.000000
      0.00   0.00000000   0.00000000     0.000000     0.000000     0.000000
   -503.24   0.00000000   0.00000000     0.000000     0.000000     0.000000
    173.44   0.11350620 573.61379332    -0.000002    -0.118660     0.436052
    173.49   0.11360710 574.12374301    -0.000033     0.436215     0.118579
    331.23   0.00082489   4.16864219     0.027876     0.000319    -0.000030
    929.01   0.00247871  12.52640389     0.000144    -0.003258     0.028670
    929.24   0.00250094  12.63870168     0.000513    -0.028793    -0.003250
   1074.80   0.38444024 1942.80339709     0.334096    -0.000002     0.000002
   1269.61   0.05140276 259.76849446     0.000005     0.000217     0.112403
   1270.06   0.05149095 260.21414826    -0.000069    -0.112480     0.000218
   3107.18   0.14646480 740.17305131     0.121284    -0.000121     0.000009
   3187.04   0.10964709 554.11145065    -0.000005     0.000600     0.103614
   3187.20   0.10926208 552.16579104     0.000112     0.103429    -0.000603


$end

