
$orca_hessian_file

$act_atom
  0

$act_coord
  0

$act_energy
        0.000000

$hessian
9
                    0                  1                  2                  3                  4        
    0      6.0093547616E-01   4.9821558825E-02  -2.1341187184E-16  -5.4092756339E-01  -3.0859815625E-02
    1      4.9821558825E-02   1.8462460768E-02   3.7788075252E-18   1.6934482099E-04  -5.2228225973E-02
    2     -2.1341187184E-16   3.7788075252E-18   5.1049849247E-02   2.5103329605E-16   7.3422013667E-17
    3     -5.4092756339E-01   1.6934482099E-04   2.5103329605E-16   5.4035901887E-01   4.5687491598E-03
    4     -3.0859815625E-02  -5.2228225973E-02   7.3422013667E-17   4.5687491598E-03   5.1369281951E-02
    5      2.7266594879E-16   3.0785298974E-17  -6.6860888560E-03  -2.9538461168E-16  -2.0960142398E-17
    6     -6.0101676641E-02  -5.0012010312E-02  -3.4647156771E-17   6.3177127516E-04   2.6266665927E-02
    7     -1.9091672965E-02   3.3869030845E-02  -7.8281973104E-17  -4.5898206635E-03   9.3234610960E-04
    8     -1.8405516875E-17   8.4005631233E-20  -4.4408779284E-02  -6.1600363050E-19  -5.5762053379E-17
                    5                  6                  7                  8        
     0      2.7266594879E-16  -6.0101676641E-02  -1.9091672965E-02  -1.8405516875E-17
     1      3.0785298974E-17  -5.0012010312E-02   3.3869030845E-02   8.4005631233E-20
     2     -6.6860888560E-03  -3.4647156771E-17  -7.8281973104E-17  -4.4408779284E-02
     3     -2.9538461168E-16   6.3177127516E-04  -4.5898206635E-03  -6.1600363050E-19
     4     -2.0960142398E-17   2.6266665927E-02   9.3234610960E-04  -5.5762053379E-17
     5      1.0109031349E-02   2.0971892063E-17  -9.5828585953E-18  -3.4352019816E-03
     6      2.0971892063E-17   5.9500442485E-02   2.3727000833E-02   1.7794023880E-17
     7     -9.5828585953E-18   2.3727000833E-02  -3.4978044684E-02   5.6516901679E-17
     8     -3.4352019816E-03   1.7794023880E-17   5.6516901679E-17   4.7901259648E-02

$vibrational_frequencies
9
    0        0.000000
    1        0.000000
    2        0.000000
    3        0.000000
    4        0.000000
    5        0.000000
    6    -1069.754909
    7     1490.629494
    8     3881.838780

$normal_modes
9 9
                    0                  1                  2                  3                  4        
    0      0.0000000000E+00   0.0000000000E+00   0.0000000000E+00   0.0000000000E+00   0.0000000000E+00
    1      0.0000000000E+00   0.0000000000E+00   0.0000000000E+00   0.0000000000E+00   0.0000000000E+00
    2      0.0000000000E+00   0.0000000000E+00   0.0000000000E+00   0.0000000000E+00   0.0000000000E+00
    3      0.0000000000E+00   0.0000000000E+00   0.0000000000E+00   0.0000000000E+00   0.0000000000E+00
    4      0.0000000000E+00   0.0000000000E+00   0.0000000000E+00   0.0000000000E+00   0.0000000000E+00
    5      0.0000000000E+00   0.0000000000E+00   0.0000000000E+00   0.0000000000E+00   0.0000000000E+00
    6      0.0000000000E+00   0.0000000000E+00   0.0000000000E+00   0.0000000000E+00   0.0000000000E+00
    7      0.0000000000E+00   0.0000000000E+00   0.0000000000E+00   0.0000000000E+00   0.0000000000E+00
    8      0.0000000000E+00   0.0000000000E+00   0.0000000000E+00   0.0000000000E+00   0.0000000000E+00
                    5                  6                  7                  8        
     0      0.0000000000E+00   1.3419596528E-02   3.0999412643E-02   6.3474898890E-02
     1      0.0000000000E+00  -6.1917170575E-02   5.6972497438E-02   4.7561447391E-04
     2      0.0000000000E+00  -2.1870035537E-18  -1.3605713706E-17  -7.4930224447E-18
     3      0.0000000000E+00   2.0065216577E-02   4.7123491513E-02  -9.9784481442E-01
     4      0.0000000000E+00   1.2644586278E-02  -8.3556765616E-01  -1.2583607582E-02
     5      0.0000000000E+00   7.9667971914E-18   9.0559504149E-17   2.3274488585E-16
     6      0.0000000000E+00  -2.3306137218E-01  -5.3914690706E-01  -9.6302920743E-03
     7      0.0000000000E+00   9.7010621931E-01  -6.8701179672E-02   5.0346433275E-03
     8      0.0000000000E+00   2.6745375285E-17   1.2539070775E-16  -1.1381545521E-16

#
# The atoms: label  mass x y z (in bohrs)
#
$atoms
3
 O     15.99900      0.000000000000     0.000000000000     0.000000000000
 H      1.00800      1.831144623770     0.000000000000     0.000000000000
 H      1.00800     -0.684693068333     2.750652893393     0.000000000000

$actual_temperature
  0.000000

$frequency_scale_factor
  1.000000

$dipole_derivatives
9
   -4.7024576653E-01    1.2843600934E-01    3.5575472400E-16
   -1.3772057705E-01   -1.3348252375E-01    6.6736447828E-17
   -1.1514324791E-15   -2.9393812418E-16   -6.4740221845E-01
    2.0232935034E-01   -9.4522591841E-02   -3.8047579193E-16
    3.7533176109E-02    1.9902716188E-01   -9.1433206483E-17
    9.3761341158E-16   -6.5223450037E-16    3.7969891174E-01
    2.6765857865E-01   -3.6690891298E-02    1.4727268411E-17
    1.0073448596E-01   -6.7495052496E-02    2.7833643687E-17
    1.0993157391E-16   -5.6380613391E-16    2.6626459019E-01

#
# The IR spectrum
#  wavenumber eps Int TX TY TZ
#
$ir_spectrum
9
      0.00   0.00000000   0.00000000     0.000000     0.000000     0.000000
      0.00   0.00000000   0.00000000     0.000000     0.000000     0.000000
      0.00   0.00000000   0.00000000     0.000000     0.000000     0.000000
      0.00   0.00000000   0.00000000     0.000000     0.000000     0.000000
      0.00   0.00000000   0.00000000     0.000000     0.000000     0.000000
      0.00   0.00000000   0.00000000     0.000000     0.000000     0.000000
  -1069.75   0.00000000   0.00000000     0.000000     0.000000     0.000000
   1490.63   0.01093257  55.24872363    -0.037958    -0.029119     0.000000
   3881.84   0.01171883  59.22214235    -0.028234     0.012038     0.000000


$end

